25511
25517
25523
25529
25607
25613
25619
25626
25632
25638
25645
25651
25658
25664
25714
25726
25732
25738
25750
25756
25762
25768
25774
25786
25792
25798
25804
25810
25816
25822
25834
25851
25857
4354
4360
4370
4376
4382
4388
4409
4415
4421
4427
4435
4441
4447
4459
4465
4471
4477
4483
4489
4496
4502
4508
4514
4520
4526
4532
4538
4544
4550
4556
4562
4568
4574
4580
4586
4592
4598
4604
4610
4616
4622
4628
4634
4640
4646
4652
4658
4664
4670
4676
4682
4688
4694
4700
4706
4712
4718
4724
4730
4736
4742
4748
4754
4760
4766
4775
4781
4787
4793
4800
4806
4812
4818
4824
4830
4836
4842
4848
4880
4886
4894
4900
4906
4912
4918
4924
4930
4936
4942
4948
4954
4960
4982
4988
4994
5000
5006
5012
5018
5024
5030
5036
5042
5048
5054
5060
5066
5072
5078
5084
6040
6046
6053
6059
6065
6071
6077
6083
6089
6095
6101
6107
6113
6119
6125
6131
6137
6143
6152
6158
6164
6172
6178
6184
6190
6196
6202
6208
6214
6220
6226
6232
6238
6244
6250
6256
6262
6268
6274
6280
6286
6332
6338
6344
6350
6356
6362
6371
6377
6383
6389
6395
6401
6412
6418
6424
6430
6436
6442
6448
6454
6460
6466
6472
6478
6484
6490
6496
6502
6508
6516
6522
6541
6547
6564
6570
6576
6582
6588
6594
6600
6606
6615
6621
6627
6633
6639
6645
6651
6657
6663
6669
6676
6682
6688
6694
6700
6709
6715
6721
6727
6737
6743
6749
6755
6764
6770
6787
6793
6828
6834
7201
7207
7213
7233
7239
7245
7251
7257
7266
7272
7293
7299
7305
7311
7317
7323
7329
7337
7343
7349
7355
7365
7371
7377
7383
7392
7409
7415
7421
7427
7433
7456
7462
7468
7474
7480
7486
7492
7498
7504
7510
7516
7522
7531
7537
7543
7549
7556
7562
7569
7575
7582
7594
7600
7612
7618
7625
7631
7637
7647
7654
7660
7666
7673
7690
7696
7704
7710
7718
7724
7732
7738
7744
7752
7760
7766
7772
7782
7788
7794
7800
7806
7812
7822
7828
7834
7840
7849
7855
7861
7867
7899
7905
7911
7917
7924
7930
7936
7942
7949
7958
7964
7970
7976
7982
7988
7994
8000
8006
8013
8019
8026
8032
8039
8045
8057
8063
8069
8075
8084
8090
8097
8103
8110
8116
8122
8128
8134
8141
8147
8153
8163
8169
8175
8181
8187
1068
1074
1080
1141
1147
1173
1181
1194
1202
1263
1284
1292
1580
1586
1595
1602
1749
1755
1761
1767
1778
1784
1818
1824
1831
1891
1897
1909
1921
1933
1939
1945
1963
1986
1992
1999
2005
2038
2044
2050
2056
2062
2068
2074
2080
2089
2095
2102
2108
2115
2121
2131
2137
2143
2149
2155
2161
2167
2173
2179
2185
2191
2197
2203
2213
2219
2225
2231
2237
2243
2249
2255
2261
2267
2273
2279
2285
2291
2297
2303
2309
2315
2321
2327
2333
2339
2345
2351
2357
2363
2369
2375
2381
2390
2396
2425
3501
3508
3544
3550
3558
3565
3578
3585
3592
3604
3611
3618
3630
3637
3644
3656
3663
3671
3683
3690
3698
3754
3761
3775
3782
3805
3812
3857
3864
3889
3896
3915
3979
3987
4407
4420
4461
4475
4509
4537
4599
4643
4663
4724
4730
4736
4742
4748
4758
4764
4770
4776
4782
4788
4794
4800
4806
4812
4818
4824
4830
4836
4842
4848
4854
4860
4866
4872
4878
4884
4890
4896
4902
4908
4914
4920
4926
4932
4938
4944
4950
4956
4962
4968
4974
4980
4986
4992
4998
5004
5010
5016
5022
5028
5034
5040
5046
5052
5058
5064
5070
5076
5082
5088
5094
5100
5106
5112
5118
5124
5130
5136
5142
5148
5154
5160
5166
5172
5178
5184
5190
5196
5202
5208
5214
5220
5226
5232
5238
5244
5250
5256
5262
5268
5274
5280
5286
5292
5298
5304
5310
5316
5322
5328
5334
5340
5346
5352
5358
5364
5370
5376
5382
5388
5394
5400
5406
5412
5418
5424
5430
5436
5442
5448
5454
5460
5466
5472
5478
5484
5490
5496
5502
5508
5514
5520
5526
5532
5538
5544
5550
5556
5562
5568
5574
5580
5586
5592
5598
5604
5610
5616
5622
5628
5634
5640
5646
5652
5658
5664
5670
5676
5682
5688
5694
5700
5706
5712
5718
5724
5730
5736
5742
5748
5754
5760
5766
5772
5778
5784
5790
5796
5802
5808
5814
5820
5826
5832
5838
5844
5850
5856
5862
5868
5874
5880
5886
5892
5898
5904
5910
5916
5922
5928
5934
5940
5946
5952
5958
5964
5970
5976
5982
5988
5994
6001
6007
6013
6019
6025
6031
6037
6043
6049
6055
6061
6067
6073
6079
6085
6091
6097
6103
6109
6115
6121
6127
6133
6139
6145
6151
6157
6163
6169
6175
6181
6187
6209
6255
6276
6478
6550
6940
7086
7108
7191
7197
7203
7209
7217
7261
7333
7340
7349
7357
7369
7376
7384
7399
7406
7418
7425
7437
7444
7453
7469
7476
7488
7495
7569
7898
8437
8531
8780
9002
9008
9014
9020
9026
9032
9038
9044
9053
9059
9068
9074
9481
9487
9494
9500
9697
9703
9709
9715
9914
9930
9936
9942
9948
10172
10178
10184
10190
10196
10570
10595
10601
10824
10830
10839
10845
10851
10857
10924
11117
11123
11129
11135
11406
11412
11418
11424
11797
11803
11809
11815
11987
12038
12044
12050
12056
12372
12806
12859
13037
13043
13144
13150
13223
13377
13383
13396
13403
13417
13424
13437
13443
13453
13459
13466
13472
13479
13485
13492
13498
13504
13510
13517
13523
13533
13539
13557
13563
13598
13605
13623
13629
14193
14199
14205
14211
14217
14223
14229
14235
14241
14247
14253
14325
14493
14499
14508
14546
14552
14587
14593
14631
14664
14670
14684
14690
14875
14881
14887
14893
14899
14905
14911
14917
14923
14929
14935
14941
14947
14953
14959
14965
14971
14977
14983
14989
14995
15001
15007
15013
15019
15028
15034
15040
15046
15052
15058
15064
15070
15076
15082
15088
15094
15100
15106
15112
15118
15124
15130
15136
15142
15148
15154
15160
15166
15172
15178
15184
15190
15196
15202
15208
15214
15281
15287
15303
15309
15322
15328
15341
15347
15360
15366
15379
15385
15398
15404
15419
15425
15439
15445
15460
15466
15474
15487
15493
15500
15512
15518
15525
15537
15543
15570
15576
15583
15598
15604
15611
15623
15629
15636
15648
15654
15661
15673
15679
15686
15698
15704
15711
15723
15729
15742
15748
15761
15767
15780
15786
15799
15805
15821
15827
15857
15863
15870
15882
15888
15895
15907
15913
15926
15932
15948
15954
15988
15994
16011
16017
16030
16036
16049
16055
16068
16074
16089
16095
16108
16114
16129
16135
16148
16154
16171
16177
16184
16196
16202
16215
16221
16234
16240
16253
16259
16285
16307
16313
16326
16332
16348
16354
16374
16380
16388
16400
16406
16419
16425
16432
16444
16450
16468
16474
16487
16493
16803
16809
16825
16831
16838
16850
16856
16872
16878
17670
17676
17692
17698
17712
17718
17879
17885
17899
17905
17912
17925
17931
17945
17951
17964
17970
18017
18023
18176
18328
18888
18921
18927
18936
18948
18954
19014
19020
19037
19043
19233
19239
19325
19331
19662
20309
20315
20321
20327
20333
20339
20389
20400
20932
21215
21221
21655
21661
21667
21957
22305
22311
22681
22800
22806
23032
23044
23050
23085
23091
23097
23103
23109
23115
23121
23127
23133
23139
23145
23151
23157
23163
23169
23175
23181
23187
23193
23199
23205
23211
23217
23223
23229
23235
23241
23247
23253
23259
23265
23281
23296
23302
23308
23314
23320
23326
23332
23340
23346
23352
23358
23364
23370
23376
23382
23388
23394
23400
23406
23412
23418
23424
23430
23436
23442
23448
23454
23460
23466
23480
23486
23492
23498
23504
23510
23516
23522
23528
23534
23540
23546
23552
23558
23564
23570
23576
23582
23588
23594
23600
23606
23612
23618
23624
23630
23636
23642
23648
23654
23660
23666
23672
23678
23684
23690
23696
23702
23708
23714
23720
23726
23732
23738
23744
23750
23756
23762
23771
23777
23783
23789
23795
23801
23807
23813
23819
23825
23831
23837
23843
23849
23855
23861
23867
23873
23879
23885
23902
23908
23914
23920
23926
23932
23938
23944
23950
23956
23962
23968
23974
23980
23986
23992
23998
24004
24010
24016
24022
24028
24034
24040
24046
24052
24058
24064
24070
24076
24082
24088
24094
24100
24106
24112
24118
24124
24130
24136
24142
24148
24154
24160
24166
24172
24178
24184
24190
24196
24202
24208
24214
24220
24226
24232
24238
24244
24250
24256
24262
24268
24274
24280
24286
24292
24298
24304
24310
24316
24322
24328
24334
24340
24346
24352
24358
24364
24370
24376
24382
24388
24394
24400
24406
24412
24418
24424
24430
24436
24442
24448
24454
24460
24466
24472
24478
24484
24490
24496
24502
24508
24514
24520
24526
24532
24538
24544
24550
24556
24562
24568
24574
24580
24586
24592
24598
24604
24610
24616
24622
24628
24634
24640
24646
24652
24658
24664
24670
24676
24682
24688
24694
24700
24706
24712
24718
24724
24730
24736
24742
24748
24754
24760
24766
24772
24778
24784
24790
24796
24802
24808
24814
24820
24826
24832
24838
24844
24850
24856
24862
24868
24874
24880
24886
24892
24898
24904
24910
24916
24922
24928
24934
24940
24946
24952
24958
24964
24970
24976
24985
24991
24997
25003
25009
25015
25021
25027
25033
25039
25045
25051
25057
25063
25069
25075
25081
25087
25093
25099
25105
25111
25117
25123
25129
25135
25141
25147
25153
25159
25165
25171
25177
25183
25189
25195
25201
25207
25213
25219
25225
25231
25237
25243
25249
25255
25261
25267
25273
25279
25285
25291
25297
25303
25309
25315
25321
25327
25333
25339
25345
25351
25357
25363
25369
25375
25381
25387
25393
25399
25405
25411
25417
25423
25429
25435
25441
25447
25453
25459
25465
25471
25477
25483
25489
25495
25501
25507
25513
25519
25525
25531
25537
25543
25549
25555
25561
25567
25573
25579
25585
25591
25597
25603
25609
25615
25621
25627
25633
25639
25645
25651
25657
25663
25669
25675
25681
25687
25693
25699
25705
25711
25717
25723
25729
25735
25741
25747
25753
25759
25765
25771
25777
25783
25789
25795
25801
25807
25813
25819
25825
25831
25837
25843
25849
25855
25861
26588
27117
27162
27736
27747
27756
27776
27786
27795
27804
27838
27849
27870
27876
27882
27888
27894
27900
27906
27912
27922
27928
27934
27940
27946
27952
27958
27964
27970
27976
27982
27988
27994
28000
28006
28012
28018
28024
28030
28036
28042
28048
28054
28060
28066
28072
28078
28084
28090
28096
28102
28108
28114
28120
28126
28132
28138
28144
28150
28156
28162
28168
28174
28180
28186
28192
28198
28204
28210
28216
28222
28228
28234
28240
28246
28252
28258
28264
28270
28276
28282
28288
28294
28300
28306
28312
28318
28324
28330
28336
28342
28348
28354
28360
28366
28372
28378
28384
28390
28396
28402
28408
28414
28420
28426
28432
28438
28444
28450
28456
28462
28468
28474
28480
28486
28492
28498
28504
28510
28516
28522
28528
28534
28540
28546
28552
28558
28564
28570
28576
28582
28588
28594
28600
28606
28612
28618
28624
28630
28636
28642
28648
28654
28660
28666
28672
28678
28684
28690
28696
28702
28708
28714
28720
28726
28732
28738
28744
28750
28756
28762
28768
28774
28780
28786
28792
28798
28804
28810
28816
28822
28828
28834
28840
28846
28852
28858
28864
28870
28876
28882
28888
28894
28900
28906
28912
28918
28924
28930
28936
28942
28948
28954
28960
28966
28972
28978
28984
28990
28996
29002
29008
29014
29020
29026
29032
29038
29044
29050
29056
29062
29068
29074
29080
29086
29092
29098
29104
29110
29116
29122
29128
29134
29140
29146
29152
29158
29164
29170
29176
29182
29188
29194
29200
29206
29212
29218
29224
29230
29236
29242
29248
29254
29260
29266
29272
29278
29284
29290
29296
29302
29308
29314
29320
29326
29332
29338
29344
29350
29356
29362
29368
29374
29380
29386
29392
29398
29404
29410
29416
29422
29428
29434
29440
29446
29452
29458
29464
29470
29476
29482
29488
29494
29500
29506
29512
29518
29524
29530
29536
29542
29548
29554
29560
29566
29572
29578
29584
29590
29596
29602
29608
29614
29620
29626
29632
29638
29644
29650
29656
29665
29671
29677
29683
29689
29695
29701
29707
29713
29719
29725
29731
29737
29743
29749
29755
29761
29767
29773
29779
29785
29791
29797
29803
29809
29815
29821
29827
29833
29839
29845
29851
29857
29863
29869
29875
29881
29887
29893
29899
29905
29911
29917
29923
29929
29935
29941
29947
29953
29959
29965
29971
29977
29983
29989
29995
30001
30007
30013
30019
30025
30031
30037
30043
30049
30055
30061
30067
30073
30079
30085
30091
30097
30103
30109
30115
30121
30127
30133
30139
30145
30151
30157
30163
30169
30175
30181
30187
30193
30199
30205
30211
30217
30223
30229
30235
30241
30247
30253
30259
30265
30271
30277
30283
30289
30295
30301
30307
30313
30319
30325
30331
30337
30343
30349
30355
30361
30367
30373
30379
30385
30391
30397
30403
30409
30415
30421
30427
30433
30439
30445
30451
30457
30463
30469
30475
30481
30487
30493
30499
30505
30511
30517
30523
30529
30535
30541
30547
30553
30559
30565
30571
30577
30583
30589
30595
30601
30607
30613
30619
30625
30631
30637
30643
30649
30655
30661
30667
30673
30679
30685
30691
30697
30703
30709
30715
30721
30727
30733
30739
30745
30751
30757
30763
30769
30775
30781
30787
30793
30799
30805
30811
30817
30823
30829
30835
30841
30847
30853
30859
30865
30871
30877
30883
30889
30895
30901
30907
30913
30919
30925
30931
30937
30943
30949
30955
30961
30967
30973
30979
30985
30991
30997
31003
31009
31015
31021
31027
31033
31039
31045
31051
31057
31063
31069
31075
31081
31087
31093
31099
31105
31111
31117
31123
31129
31135
31141
31147
31153
31159
31165
31171
31177
31183
31189
31195
31201
31207
31213
31219
31225
31231
31237
31243
31249
31255
31261
31267
31273
31279
31285
31291
31297
31303
31309
31315
31321
31327
31333
31339
31345
31351
31357
31363
31369
31375
31381
31387
31393
31399
31405
31411
31417
31423
31429
31435
31441
31447
31453
31459
31465
31471
31477
31483
31489
31495
31501
31507
31513
31519
31525
31531
31537
31543
31549
31555
31561
31567
31573
31579
31585
31591
31597
31603
31609
31615
31621
31627
31633
31639
31645
31654
31660
31666
31672
31678
31684
31690
31696
31702
31708
31714
31720
31726
31732
31738
31744
31750
31756
31762
31768
31774
31780
31786
31792
31798
31804
31810
31816
31822
31828
31834
31840
31846
31852
31858
31864
31870
31876
31882
31888
31894
31900
31906
31915
31926
31935
31955
31965
31975
31985
31998
32007
32027
32036
32045
32080
32092
32101
32121
32131
32141
32150
32161
32170
32191
32202
32213
32222
32233
32242
32263
32273
32283
32292
32305
32314
32335
32345
32354
32364
32376
32386
32408
32417
32427
32436
32448
32459
32479
32488
32498
32508
32519
32531
32556
32566
32575
32585
32597
32606
32628
32637
32646
32656
32668
32677
32699
32709
32719
32729
32740
32750
470
480
492
501
513
522
545
555
565
574
586
597
618
628
638
647
653
664
676
682
691
712
722
728
738
748
760
770
791
801
811
821
838
856
879
889
898
909
920
938
959
968
979
989
1000
1009
1029
1041
1050
1060
1071
1080
1101
1107
1119
1129
1139
1151
1160
1180
1190
1196
1205
1215
1227
1237
1257
1266
1276
1286
1297
1306
1332
1353
1363
1373
1385
1394
1417
1427
1437
1447
1458
1467
1488
1498
1539
1548
1561
1571
1592
1598
1607
1618
1627
1638
1648
1669
1678
1688
1697
1703
1709
1720
1730
1751
1761
1773
1782
1794
1803
1824
1833
1842
1851
1863
1872
1893
1903
1914
1923
1935
1945
1962
1972
1982
1993
2003
2014
2023
2043
2049
2055
2064
2074
2084
2095
2107
2129
2139
2149
2159
2171
2180
2203
2212
2222
2232
2244
2253
2276
2286
2296
2305
2316
2325
2348
2358
2533
2542
2554
2563
2584
2594
2604
2613
2624
2633
2654
2660
2670
2679
2688
2700
2710
2732
2742
2752
2762
2774
2784
2804
2814
2823
2832
2844
2854
2875
2885
2894
2903
2915
2924
2945
2955
2965
2974
2985
2995
3016
3025
3034
3043
3056
3066
3086
3095
3104
3114
3125
3135
3155
3164
3173
3182
3194
3203
3230
3239
3248
3258
3270
3280
3300
3309
3319
3331
3342
3352
3372
3381
3391
3401
3412
3422
3442
3451
3461
3470
3482
3491
3511
3521
3531
3541
3552
3561
3581
3590
3599
3609
3621
3630
3650
3660
3670
3680
3691
3700
3722
3732
3742
3751
3762
3771
3792
3802
3811
3820
3831
3840
3861
3871
3880
3889
3901
3911
3931
3940
3949
3958
3969
3982
4005
4015
4025
4034
4045
4054
4077
4087
4097
4108
4119
4129
4152
4162
4172
4181
4193
4202
4225
4401
4411
4420
4437
4446
4468
4478
4487
4498
4509
4519
4539
4549
4558
4568
4579
4618
4639
4649
4660
4671
4683
4693
4714
4723
4732
4742
4754
4763
4783
4792
4802
4812
4824
4834
4854
4860
4870
4880
4891
4903
4912
4933
4942
4952
4962
4968
4979
4988
5008
5017
5026
5036
5048
5060
5080
5089
5098
5108
5120
5130
5150
5159
5170
5180
5193
5241
5248
5259
5265
5275
5281
5288
5294
5300
5306
5312
5318
5365
5409
5408
5420
5426
5432
5438
5444
5450
5456
5462
5468
5475
5481
5487
5493
5499
5505
5511
5517
5523
5529
5535
5541
5547
5553
5559
5565
5571
5577
5583
5589
5595
5603
5609
5615
5621
5627
5633
5639
5645
5651
5657
5663
5669
5675
5681
5687
5693
5699
5705
5711
5717
5719
5725
5735
5741
5747
5753
5759
5765
5771
5777
5783
5789
5795
5801
5807
5813
5819
5825
5831
5837
5843
5849
5857
5863
5869
5875
5881
5887
5893
5899
5905
5911
5917
5923
5929
5935
5941
5947
5961
5967
5974
5990
5996
6012
6018
6030
6068
6125
6298
6304
6338
6344
6351
6373
6379
6403
6432
6453
6463
6473
6485
6530
6565
6571
6586
6592
6607
6613
6628
6634
6650
6722
6789
6812
6831
6843
6849
6966
6972
7020
7079
7116
7146
7152
7161
7183
7189
7203
7250
7261
7270
7281
7290
7311
7321
7330
7339
7351
7360
7381
7391
7400
7410
7422
7431
7452
7461
7471
7481
7492
7501
7521
7531
7541
7551
7563
7572
7595
7654
7672
7709
7772
7793
7810
7822
7828
7843
7849
7858
7874
7886
7892
7946
8016
8091
8124
8179
